,BTCPERP,holdings,cash,total,returns,time
45,-61477.0,-61477.0,22000.0,-39477.0,,2021-10-31 23:37:00
46,-61470.0,-61470.0,22000.0,-39470.0,-0.00017731843858448393,2021-10-31 23:38:00
47,-61459.0,-61459.0,22000.0,-39459.0,-0.00027869267798330544,2021-10-31 23:39:00
55,-61466.0,-61466.0,22000.0,-39466.0,0.00017739932588245466,2021-10-31 23:47:00
56,61434.0,61434.0,-100868.0,-39434.0,-0.0008108245071707376,2021-10-31 23:48:00
57,61388.0,61388.0,-100868.0,-39480.0,0.0011665060607597422,2021-10-31 23:49:00
58,-61383.0,-61383.0,21898.0,-39485.0,0.0001266464032421144,2021-10-31 23:50:00
59,-61383.0,-61383.0,21898.0,-39485.0,0.0,2021-10-31 23:51:00
60,-61337.0,-61337.0,21898.0,-39439.0,-0.0011649993668482184,2021-10-31 23:52:00
159,-61657.0,-61657.0,21898.0,-39759.0,0.008113795988742067,2021-11-01 01:31:00
160,-61617.0,-61617.0,21898.0,-39719.0,-0.0010060615206619605,2021-11-01 01:32:00
161,-61603.0,-61603.0,21898.0,-39705.0,-0.000352476144918068,2021-11-01 01:33:00
162,-61544.0,-61544.0,21898.0,-39646.0,-0.0014859589472359103,2021-11-01 01:34:00
163,-61534.0,-61534.0,21898.0,-39636.0,-0.00025223225546078254,2021-11-01 01:35:00
164,-61525.0,-61525.0,21898.0,-39627.0,-0.0002270663033605569,2021-11-01 01:36:00
165,-61515.0,-61515.0,21898.0,-39617.0,-0.0002523531935296752,2021-11-01 01:37:00
184,-61426.0,-61426.0,21898.0,-39528.0,-0.0022465103364717187,2021-11-01 01:56:00
185,-61395.0,-61395.0,21898.0,-39497.0,-0.0007842541995547458,2021-11-01 01:57:00
186,-61323.0,-61323.0,21898.0,-39425.0,-0.0018229232599944467,2021-11-01 01:58:00
230,60530.0,60530.0,-99162.0,-38632.0,-0.020114140773620837,2021-11-01 02:42:00
231,60469.0,60469.0,-99162.0,-38693.0,0.0015790018637398262,2021-11-01 02:43:00
232,60373.0,60373.0,-99162.0,-38789.0,0.0024810689271961284,2021-11-01 02:44:00
233,60360.0,60360.0,-99162.0,-38802.0,0.00033514656216970806,2021-11-01 02:45:00
238,60506.0,60506.0,-99162.0,-38656.0,-0.003762692644709076,2021-11-01 02:50:00
239,60509.0,60509.0,-99162.0,-38653.0,-7.760761589403753e-05,2021-11-01 02:51:00
240,-60503.0,-60503.0,21844.0,-38659.0,0.0001552272786071729,2021-11-01 02:52:00
241,-60538.0,-60538.0,21844.0,-38694.0,0.0009053519232260498,2021-11-01 02:53:00
242,-60540.0,-60540.0,21844.0,-38696.0,5.168760014462315e-05,2021-11-01 02:54:00
243,60533.0,60533.0,-99222.0,-38689.0,-0.00018089725036174453,2021-11-01 02:55:00
252,60505.0,60505.0,-99222.0,-38717.0,0.0007237199203908862,2021-11-01 03:04:00
253,60621.0,60621.0,-99222.0,-38601.0,-0.0029960999044347236,2021-11-01 03:05:00
254,60635.0,60635.0,-99222.0,-38587.0,-0.0003626849045361702,2021-11-01 03:06:00
255,60643.0,60643.0,-99222.0,-38579.0,-0.00020732371005782735,2021-11-01 03:07:00
256,60503.0,60503.0,-99222.0,-38719.0,0.0036289172866066366,2021-11-01 03:08:00
257,60485.0,60485.0,-99222.0,-38737.0,0.0004648880394637622,2021-11-01 03:09:00
258,60447.0,60447.0,-99222.0,-38775.0,0.000980974262333234,2021-11-01 03:10:00
317,-59914.0,-59914.0,20606.0,-39308.0,0.013745970341715097,2021-11-01 04:09:00
318,-59921.0,-59921.0,20606.0,-39315.0,0.00017808079780201602,2021-11-01 04:10:00
319,-59985.0,-59985.0,20606.0,-39379.0,0.001627877400483202,2021-11-01 04:11:00
320,-60242.0,-60242.0,20606.0,-39636.0,0.006526321135630564,2021-11-01 04:12:00
342,60646.0,60646.0,-100686.0,-40040.0,0.01019275406196396,2021-11-01 04:34:00
343,60640.0,60640.0,-100686.0,-40046.0,0.00014985014985025025,2021-11-01 04:35:00
344,60572.0,60572.0,-100686.0,-40114.0,0.0016980472456675777,2021-11-01 04:36:00
345,60562.0,60562.0,-100686.0,-40124.0,0.00024928952485425704,2021-11-01 04:37:00
346,60577.0,60577.0,-100686.0,-40109.0,-0.0003738410926128477,2021-11-01 04:38:00
347,60604.0,60604.0,-100686.0,-40082.0,-0.0006731656236754757,2021-11-01 04:39:00
348,60628.0,60628.0,-100686.0,-40058.0,-0.0005987725163415503,2021-11-01 04:40:00
349,60657.0,60657.0,-100686.0,-40029.0,-0.000723950272105478,2021-11-01 04:41:00
350,60668.0,60668.0,-100686.0,-40018.0,-0.0002748007694421961,2021-11-01 04:42:00
388,60722.0,60722.0,-100686.0,-39964.0,-0.0013493927732520783,2021-11-01 05:20:00
389,60746.0,60746.0,-100686.0,-39940.0,-0.0006005404864377617,2021-11-01 05:21:00
390,60891.0,60891.0,-100686.0,-39795.0,-0.003630445668502791,2021-11-01 05:22:00
391,60845.0,60845.0,-100686.0,-39841.0,0.0011559241110692398,2021-11-01 05:23:00
392,60805.0,60805.0,-100686.0,-39881.0,0.0010039908636831907,2021-11-01 05:24:00
393,60801.0,60801.0,-100686.0,-39885.0,0.00010029838770342359,2021-11-01 05:25:00
394,60782.0,60782.0,-100686.0,-39904.0,0.00047636956249208495,2021-11-01 05:26:00
395,60711.0,60711.0,-100686.0,-39975.0,0.0017792702485965872,2021-11-01 05:27:00
396,60692.0,60692.0,-100686.0,-39994.0,0.0004752970606629603,2021-11-01 05:28:00
400,60730.0,60730.0,-100686.0,-39956.0,-0.000950142521378261,2021-11-01 05:32:00
401,-60722.0,-60722.0,20758.0,-39964.0,0.00020022024226640234,2021-11-01 05:33:00
402,-60710.0,-60710.0,20758.0,-39952.0,-0.00030027024321888085,2021-11-01 05:34:00
411,-60782.0,-60782.0,20758.0,-40024.0,0.0018021625951141207,2021-11-01 05:43:00
412,-60800.0,-60800.0,20758.0,-40042.0,0.0004497301619028615,2021-11-01 05:44:00
443,-60376.0,-60376.0,20758.0,-39618.0,-0.010588881674242101,2021-11-01 06:15:00
444,-60348.0,-60348.0,20758.0,-39590.0,-0.0007067494573174127,2021-11-01 06:16:00
445,-60345.0,-60345.0,20758.0,-39587.0,-7.57767112907759e-05,2021-11-01 06:17:00
446,-60322.0,-60322.0,20758.0,-39564.0,-0.00058099881274154,2021-11-01 06:18:00
452,-60455.0,-60455.0,20758.0,-39697.0,0.0033616418966737616,2021-11-01 06:24:00
453,-60456.0,-60456.0,20758.0,-39698.0,2.519082046492649e-05,2021-11-01 06:25:00
454,-60518.0,-60518.0,20758.0,-39760.0,0.0015617915260215387,2021-11-01 06:26:00
455,-60560.0,-60560.0,20758.0,-39802.0,0.0010563380281689572,2021-11-01 06:27:00
472,60861.0,60861.0,-100964.0,-40103.0,0.00756243404854029,2021-11-01 06:44:00
473,60835.0,60835.0,-100964.0,-40129.0,0.0006483305488367286,2021-11-01 06:45:00
474,60822.0,60822.0,-100964.0,-40142.0,0.0003239552443370375,2021-11-01 06:46:00
475,60811.0,60811.0,-100964.0,-40153.0,0.00027402720342784015,2021-11-01 06:47:00
476,60787.0,60787.0,-100964.0,-40177.0,0.0005977137449255654,2021-11-01 06:48:00
477,60765.0,60765.0,-100964.0,-40199.0,0.0005475769718994439,2021-11-01 06:49:00
478,60744.0,60744.0,-100964.0,-40220.0,0.0005224010547526525,2021-11-01 06:50:00
479,60729.0,60729.0,-100964.0,-40235.0,0.0003729487817005772,2021-11-01 06:51:00
480,-60733.0,-60733.0,20502.0,-40231.0,-9.941593140305738e-05,2021-11-01 06:52:00
506,62217.0,62217.0,-103932.0,-41715.0,0.036886977703760815,2021-11-01 07:18:00
507,62137.0,62137.0,-103932.0,-41795.0,0.001917775380558595,2021-11-01 07:19:00
508,62050.0,62050.0,-103932.0,-41882.0,0.0020815887067830996,2021-11-01 07:20:00
509,62016.0,62016.0,-103932.0,-41916.0,0.0008118045938589891,2021-11-01 07:21:00
510,62045.0,62045.0,-103932.0,-41887.0,-0.0006918599102967438,2021-11-01 07:22:00
511,62083.0,62083.0,-103932.0,-41849.0,-0.0009072027120586856,2021-11-01 07:23:00
512,62167.0,62167.0,-103932.0,-41765.0,-0.0020072164209419263,2021-11-01 07:24:00
513,62223.0,62223.0,-103932.0,-41709.0,-0.001340835627918091,2021-11-01 07:25:00
520,62049.0,62049.0,-103932.0,-41883.0,0.0041717614903258315,2021-11-01 07:32:00
521,61998.0,61998.0,-103932.0,-41934.0,0.0012176778167753977,2021-11-01 07:33:00
522,-62133.0,-62133.0,20334.0,-41799.0,-0.003219344684504244,2021-11-01 07:34:00
523,-62210.0,-62210.0,20334.0,-41876.0,0.001842149333716181,2021-11-01 07:35:00
529,-62064.0,-62064.0,20334.0,-41730.0,-0.003486483904861948,2021-11-01 07:41:00
530,-62059.0,-62059.0,20334.0,-41725.0,-0.00011981787682724399,2021-11-01 07:42:00
537,-62105.0,-62105.0,20334.0,-41771.0,0.0011024565608148684,2021-11-01 07:49:00
538,-62217.0,-62217.0,20334.0,-41883.0,0.0026812860597065225,2021-11-01 07:50:00
539,62203.0,62203.0,-104072.0,-41869.0,-0.0003342644987226473,2021-11-01 07:51:00
540,62179.0,62179.0,-104072.0,-41893.0,0.000573216460866055,2021-11-01 07:52:00
541,62178.0,62178.0,-104072.0,-41894.0,2.387033633310942e-05,2021-11-01 07:53:00
542,62156.0,62156.0,-104072.0,-41916.0,0.0005251348641810427,2021-11-01 07:54:00
543,62138.0,62138.0,-104072.0,-41934.0,0.0004294302891496571,2021-11-01 07:55:00
601,-61895.0,-61895.0,19718.0,-42177.0,0.005794820432107661,2021-11-01 08:53:00
602,-61940.0,-61940.0,19718.0,-42222.0,0.001066932214240035,2021-11-01 08:54:00
603,-61942.0,-61942.0,19718.0,-42224.0,4.7368670361480625e-05,2021-11-01 08:55:00
610,61984.0,61984.0,-104250.0,-42266.0,0.0009946949602122057,2021-11-01 09:02:00
611,62012.0,62012.0,-104250.0,-42238.0,-0.0006624710168929848,2021-11-01 09:03:00
612,62065.0,62065.0,-104250.0,-42185.0,-0.0012547942610918739,2021-11-01 09:04:00
613,62138.0,62138.0,-104250.0,-42112.0,-0.001730472916913639,2021-11-01 09:05:00
659,62080.0,62080.0,-104250.0,-42170.0,0.001377279635258466,2021-11-01 09:51:00
660,-62068.0,-62068.0,19886.0,-42182.0,0.0002845624851790518,2021-11-01 09:52:00
661,-62057.0,-62057.0,19886.0,-42171.0,-0.0002607747380398706,2021-11-01 09:53:00
667,-62004.0,-62004.0,19886.0,-42118.0,-0.001256787839984841,2021-11-01 09:59:00
668,-62083.0,-62083.0,19886.0,-42197.0,0.001875682606011786,2021-11-01 10:00:00
669,-62096.0,-62096.0,19886.0,-42210.0,0.0003080787733724666,2021-11-01 10:01:00
670,-62079.0,-62079.0,19886.0,-42193.0,-0.00040274816394214596,2021-11-01 10:02:00
671,-62058.0,-62058.0,19886.0,-42172.0,-0.0004977128907638351,2021-11-01 10:03:00
672,-62056.0,-62056.0,19886.0,-42170.0,-4.74248316418846e-05,2021-11-01 10:04:00
719,-62118.0,-62118.0,19886.0,-42232.0,0.0014702395067582863,2021-11-01 10:51:00
720,62199.0,62199.0,-104512.0,-42313.0,0.0019179768895625227,2021-11-01 10:52:00
721,62230.0,62230.0,-104512.0,-42282.0,-0.0007326353602911118,2021-11-01 10:53:00
722,62214.0,62214.0,-104512.0,-42298.0,0.0003784116172367291,2021-11-01 10:54:00
723,62209.0,62209.0,-104512.0,-42303.0,0.00011820889876590357,2021-11-01 10:55:00
724,62192.0,62192.0,-104512.0,-42320.0,0.0004018627520507856,2021-11-01 10:56:00
819,-61879.0,-61879.0,19246.0,-42633.0,0.007396030245746754,2021-11-01 12:31:00
820,-61858.0,-61858.0,19246.0,-42612.0,-0.0004925761733868272,2021-11-01 12:32:00
821,-61822.0,-61822.0,19246.0,-42576.0,-0.000844832441565746,2021-11-01 12:33:00
824,-61885.0,-61885.0,19246.0,-42639.0,0.001479706877113962,2021-11-01 12:36:00
826,-61887.0,-61887.0,19246.0,-42641.0,4.6905415230114045e-05,2021-11-01 12:38:00
827,-61895.0,-61895.0,19246.0,-42649.0,0.00018761286086155238,2021-11-01 12:39:00
828,-61899.0,-61899.0,19246.0,-42653.0,9.378883443922348e-05,2021-11-01 12:40:00
846,61899.0,61899.0,-104552.0,-42653.0,0.0,2021-11-01 12:58:00
847,61904.0,61904.0,-104552.0,-42648.0,-0.00011722504864841721,2021-11-01 12:59:00
848,61943.0,61943.0,-104552.0,-42609.0,-0.000914462577377595,2021-11-01 13:00:00
851,61865.0,61865.0,-104552.0,-42687.0,0.001830599169189595,2021-11-01 13:03:00
852,61818.0,61818.0,-104552.0,-42734.0,0.0011010377866798038,2021-11-01 13:04:00
879,61923.0,61923.0,-104552.0,-42629.0,-0.0024570599522628633,2021-11-01 13:31:00
880,61955.0,61955.0,-104552.0,-42597.0,-0.0007506626944099315,2021-11-01 13:32:00
881,61984.0,61984.0,-104552.0,-42568.0,-0.0006807991173087835,2021-11-01 13:33:00
882,62034.0,62034.0,-104552.0,-42518.0,-0.0011745912422477245,2021-11-01 13:34:00
883,62012.0,62012.0,-104552.0,-42540.0,0.0005174279128838943,2021-11-01 13:35:00
884,61966.0,61966.0,-104552.0,-42586.0,0.0010813352139162902,2021-11-01 13:36:00
885,61869.0,61869.0,-104552.0,-42683.0,0.002277743859484316,2021-11-01 13:37:00
929,-61924.0,-61924.0,19296.0,-42628.0,-0.0012885692195956366,2021-11-01 14:21:00
930,61883.0,61883.0,-104470.0,-42587.0,-0.0009618091395326989,2021-11-01 14:22:00
931,61845.0,61845.0,-104470.0,-42625.0,0.0008922910747410917,2021-11-01 14:23:00
932,61841.0,61841.0,-104470.0,-42629.0,9.384164222869806e-05,2021-11-01 14:24:00
933,61802.0,61802.0,-104470.0,-42668.0,0.0009148701588119756,2021-11-01 14:25:00
934,61792.0,61792.0,-104470.0,-42678.0,0.00023436767601014985,2021-11-01 14:26:00
966,-61439.0,-61439.0,18408.0,-43031.0,0.00827124045175509,2021-11-01 14:58:00
967,-61493.0,-61493.0,18408.0,-43085.0,0.0012549092514697602,2021-11-01 14:59:00
968,-61517.0,-61517.0,18408.0,-43109.0,0.0005570384124404804,2021-11-01 15:00:00
969,-61589.0,-61589.0,18408.0,-43181.0,0.001670184880187442,2021-11-01 15:01:00
982,61523.0,61523.0,-104638.0,-43115.0,-0.0015284500127370482,2021-11-01 15:14:00
983,61531.0,61531.0,-104638.0,-43107.0,-0.00018555027252697975,2021-11-01 15:15:00
984,61553.0,61553.0,-104638.0,-43085.0,-0.0005103579465052244,2021-11-01 15:16:00
985,61570.0,61570.0,-104638.0,-43068.0,-0.0003945688754787291,2021-11-01 15:17:00
986,61574.0,61574.0,-104638.0,-43064.0,-9.287638153621103e-05,2021-11-01 15:18:00
987,61586.0,61586.0,-104638.0,-43052.0,-0.00027865502507895545,2021-11-01 15:19:00
992,61562.0,61562.0,-104638.0,-43076.0,0.0005574653906903482,2021-11-01 15:24:00
993,61550.0,61550.0,-104638.0,-43088.0,0.0002785773980871209,2021-11-01 15:25:00
994,61538.0,61538.0,-104638.0,-43100.0,0.00027849981433347715,2021-11-01 15:26:00
995,61473.0,61473.0,-104638.0,-43165.0,0.0015081206496518895,2021-11-01 15:27:00
1020,-61512.0,-61512.0,18386.0,-43126.0,-0.0009035097880226717,2021-11-01 15:52:00
1021,-61497.0,-61497.0,18386.0,-43111.0,-0.00034781802161110154,2021-11-01 15:53:00
1022,-61488.0,-61488.0,18386.0,-43102.0,-0.00020876342464803965,2021-11-01 15:54:00
1023,-61544.0,-61544.0,18386.0,-43158.0,0.0012992436545868902,2021-11-01 15:55:00
1024,-61605.0,-61605.0,18386.0,-43219.0,0.0014134111868020494,2021-11-01 15:56:00
1025,-61632.0,-61632.0,18386.0,-43246.0,0.0006247252365858547,2021-11-01 15:57:00
1038,-61424.0,-61424.0,18386.0,-43038.0,-0.004809693382046842,2021-11-01 16:10:00
1039,-61422.0,-61422.0,18386.0,-43036.0,-4.647056089968071e-05,2021-11-01 16:11:00
1040,-61421.0,-61421.0,18386.0,-43035.0,-2.3236360256584376e-05,2021-11-01 16:12:00
1041,-61416.0,-61416.0,18386.0,-43030.0,-0.00011618450098760391,2021-11-01 16:13:00
1050,-61503.0,-61503.0,18386.0,-43117.0,0.0020218452242621865,2021-11-01 16:22:00
1051,61445.0,61445.0,-104504.0,-43059.0,-0.0013451770763271975,2021-11-01 16:23:00
1052,61424.0,61424.0,-104504.0,-43080.0,0.00048770291925026577,2021-11-01 16:24:00
1053,61383.0,61383.0,-104504.0,-43121.0,0.0009517177344475769,2021-11-01 16:25:00
1081,-61141.0,-61141.0,17778.0,-43363.0,0.005612114746875063,2021-11-01 16:53:00
1082,-61145.0,-61145.0,17778.0,-43367.0,9.224454027623175e-05,2021-11-01 16:54:00
1083,-61170.0,-61170.0,17778.0,-43392.0,0.0005764752000367857,2021-11-01 16:55:00
1181,-60654.0,-60654.0,17778.0,-42876.0,-0.011891592920354022,2021-11-01 18:33:00
1182,-60595.0,-60595.0,17778.0,-42817.0,-0.001376061199738765,2021-11-01 18:34:00
1183,-60580.0,-60580.0,17778.0,-42802.0,-0.0003503281406918024,2021-11-01 18:35:00
1184,-60543.0,-60543.0,17778.0,-42765.0,-0.0008644455866548828,2021-11-01 18:36:00
1229,61071.0,61071.0,-104364.0,-43293.0,0.012346545071904691,2021-11-01 19:21:00
1230,61108.0,61108.0,-104364.0,-43256.0,-0.000854641627976771,2021-11-01 19:22:00
1231,61134.0,61134.0,-104364.0,-43230.0,-0.0006010726835583569,2021-11-01 19:23:00
1241,61022.0,61022.0,-104364.0,-43342.0,0.0025907934304880698,2021-11-01 19:33:00
1242,61001.0,61001.0,-104364.0,-43363.0,0.0004845184809192382,2021-11-01 19:34:00
1243,60998.0,60998.0,-104364.0,-43366.0,6.91834052071183e-05,2021-11-01 19:35:00
1244,-60987.0,-60987.0,17610.0,-43377.0,0.0002536549370475427,2021-11-01 19:36:00
1245,-60957.0,-60957.0,17610.0,-43347.0,-0.0006916107614634015,2021-11-01 19:37:00
1246,-60944.0,-60944.0,17610.0,-43334.0,-0.0002999054144462443,2021-11-01 19:38:00
1247,-60939.0,-60939.0,17610.0,-43329.0,-0.00011538284026402224,2021-11-01 19:39:00
1248,-60915.0,-60915.0,17610.0,-43305.0,-0.0005539015440005901,2021-11-01 19:40:00
1249,-60902.0,-60902.0,17610.0,-43292.0,-0.0003001962821844728,2021-11-01 19:41:00
1262,61103.0,61103.0,-104596.0,-43493.0,0.004642890141365541,2021-11-01 19:54:00
1263,61174.0,61174.0,-104596.0,-43422.0,-0.0016324466006023552,2021-11-01 19:55:00
1264,61228.0,61228.0,-104596.0,-43368.0,-0.001243609230344056,2021-11-01 19:56:00
1265,61237.0,61237.0,-104596.0,-43359.0,-0.00020752628666298456,2021-11-01 19:57:00
1266,61280.0,61280.0,-104596.0,-43316.0,-0.0009917202887520515,2021-11-01 19:58:00
1267,61488.0,61488.0,-104596.0,-43108.0,-0.004801920768307322,2021-11-01 19:59:00
1304,-60629.0,-60629.0,16662.0,-43967.0,0.019926695740929867,2021-11-01 20:36:00
1305,-60675.0,-60675.0,16662.0,-44013.0,0.0010462392248731245,2021-11-01 20:37:00
1306,-60708.0,-60708.0,16662.0,-44046.0,0.000749778474541607,2021-11-01 20:38:00
1341,-60494.0,-60494.0,16662.0,-43832.0,-0.0048585569631748315,2021-11-01 21:13:00
1342,-60559.0,-60559.0,16662.0,-43897.0,0.0014829348421245836,2021-11-01 21:14:00
1343,-60705.0,-60705.0,16662.0,-44043.0,0.0033259676059866905,2021-11-01 21:15:00
1344,-60721.0,-60721.0,16662.0,-44059.0,0.0003632813386917899,2021-11-01 21:16:00
1363,-60651.0,-60651.0,16662.0,-43989.0,-0.0015887786831294548,2021-11-01 21:35:00
1364,-60610.0,-60610.0,16662.0,-43948.0,-0.000932051194616812,2021-11-01 21:36:00
1365,-60567.0,-60567.0,16662.0,-43905.0,-0.0009784290525166606,2021-11-01 21:37:00
1366,-60568.0,-60568.0,16662.0,-43906.0,2.2776449151606926e-05,2021-11-01 21:38:00
1367,-60634.0,-60634.0,16662.0,-43972.0,0.0015032114061859225,2021-11-01 21:39:00
1368,-60747.0,-60747.0,16662.0,-44085.0,0.0025698171563721672,2021-11-01 21:40:00
1376,60781.0,60781.0,-104900.0,-44119.0,0.0007712373823296481,2021-11-01 21:48:00
1377,60820.0,60820.0,-104900.0,-44080.0,-0.0008839728914979972,2021-11-01 21:49:00
1378,60867.0,60867.0,-104900.0,-44033.0,-0.0010662431941923511,2021-11-01 21:50:00
1379,60891.0,60891.0,-104900.0,-44009.0,-0.0005450457611336779,2021-11-01 21:51:00
1380,60911.0,60911.0,-104900.0,-43989.0,-0.000454452498352631,2021-11-01 21:52:00
1381,60916.0,60916.0,-104900.0,-43984.0,-0.00011366477983132395,2021-11-01 21:53:00
1430,61176.0,61176.0,-104900.0,-43724.0,-0.005911240451073163,2021-11-01 22:42:00
1431,61188.0,61188.0,-104900.0,-43712.0,-0.0002744488152959246,2021-11-01 22:43:00
1432,61197.0,61197.0,-104900.0,-43703.0,-0.0002058931185944246,2021-11-01 22:44:00
1445,-61153.0,-61153.0,17406.0,-43747.0,0.001006795872136923,2021-11-01 22:57:00
1446,-61143.0,-61143.0,17406.0,-43737.0,-0.00022858710311568498,2021-11-01 22:58:00
1447,-61122.0,-61122.0,17406.0,-43716.0,-0.000480142670965078,2021-11-01 22:59:00
1452,-61157.0,-61157.0,17406.0,-43751.0,0.0008006221978222872,2021-11-01 23:04:00
1453,-61161.0,-61161.0,17406.0,-43755.0,9.142648168047884e-05,2021-11-01 23:05:00
1454,-61169.0,-61169.0,17406.0,-43763.0,0.00018283624728598902,2021-11-01 23:06:00
1455,-61193.0,-61193.0,17406.0,-43787.0,0.0005484084729108218,2021-11-01 23:07:00
1475,-61096.0,-61096.0,17406.0,-43690.0,-0.002215269372188078,2021-11-01 23:27:00
1476,-61081.0,-61081.0,17406.0,-43675.0,-0.00034332799267566827,2021-11-01 23:28:00
1477,-61069.0,-61069.0,17406.0,-43663.0,-0.00027475672581567245,2021-11-01 23:29:00
1487,-61093.0,-61093.0,17406.0,-43687.0,0.0005496644756430857,2021-11-01 23:39:00
1488,-61101.0,-61101.0,17406.0,-43695.0,0.00018312083686211622,2021-11-01 23:40:00
1489,-61134.0,-61134.0,17406.0,-43728.0,0.0007552351527635448,2021-11-01 23:41:00
1490,-61139.0,-61139.0,17406.0,-43733.0,0.00011434321258696478,2021-11-01 23:42:00
